# Palette embedded in the game voxels (same as nafaf.vxl), 256 RGB rows
0 0 0
171 0 171
0 171 171
0 171 0
87 255 87
255 255 87
255 87 87
171 87 0
171 0 0
87 255 255
83 83 255
0 0 171
0 0 0
87 87 87
171 171 171
255 255 255
255 0 0
239 0 0
223 0 0
211 0 0
195 0 0
179 0 0
167 0 0
151 0 0
135 0 0
123 0 0
107 0 0
91 0 0
79 0 0
63 0 0
47 0 0
35 0 0
255 255 255
247 247 247
239 239 239
227 227 227
219 219 219
211 211 211
203 203 203
195 195 195
187 187 187
179 179 179
171 171 171
163 163 163
155 155 155
147 147 147
139 139 139
131 131 131
123 123 123
115 115 115
107 107 107
99 99 99
87 87 87
79 79 79
71 71 71
63 63 63
55 55 55
47 47 47
39 39 39
31 31 31
23 23 23
15 15 15
7 7 7
0 0 0
211 211 187
199 199 175
187 187 163
175 175 151
163 163 139
151 151 127
139 139 115
127 127 103
115 115 91
103 103 79
91 91 67
79 79 55
67 67 43
55 55 31
43 43 19
31 31 7
223 223 247
211 211 235
199 199 223
187 187 211
175 175 199
163 163 187
151 151 175
139 139 163
127 127 151
115 115 139
103 103 127
91 91 115
79 79 103
67 67 91
55 55 79
43 43 67
239 191 175
227 179 163
215 167 151
203 155 139
191 143 127
179 131 115
167 119 103
155 107 91
143 95 79
131 83 67
119 71 55
107 59 43
95 47 31
83 35 19
71 23 7
55 7 0
139 131 91
131 123 87
123 119 83
119 111 79
115 107 75
107 99 71
99 91 67
91 83 63
83 75 59
75 67 51
59 59 43
51 51 39
47 47 35
43 43 31
35 35 23
27 27 15
215 191 123
207 183 115
199 175 115
191 167 107
175 159 107
167 151 99
159 143 91
151 135 83
143 123 83
135 115 75
123 107 67
115 99 63
107 99 75
103 95 71
99 91 67
95 87 67
191 147 63
179 143 59
167 135 59
155 123 59
143 115 59
135 111 59
123 103 59
115 95 51
111 91 47
107 87 47
103 83 43
99 79 43
95 75 43
91 75 43
87 71 43
79 67 43
71 59 39
63 55 35
55 47 35
47 39 31
43 35 31
39 31 31
35 31 31
27 27 27
139 191 119
119 175 99
99 159 79
83 147 63
71 131 47
55 119 35
43 103 23
35 91 15
255 255 115
255 247 111
255 235 107
255 227 103
255 219 99
255 211 99
255 195 91
247 183 83
239 175 75
231 151 51
215 123 19
199 99 0
183 75 0
167 59 0
155 43 0
139 27 0
179 179 255
151 151 231
127 127 207
107 107 183
87 87 159
67 67 135
51 51 111
39 39 91
255 0 0
211 0 0
167 0 0
127 0 0
255 0 255
255 0 255
255 0 255
255 0 255
255 0 255
255 0 255
255 0 255
255 0 255
255 0 255
255 0 255
255 0 255
255 0 255
255 0 255
255 0 255
255 0 255
255 0 255
255 0 255
255 0 255
255 0 255
255 0 255
255 0 255
255 0 255
255 0 255
255 0 255
255 0 255
255 0 255
255 0 255
255 0 255
255 0 255
255 0 255
255 0 255
255 0 255
255 0 255
255 0 255
255 0 255
255 0 255
255 0 255
255 0 255
255 0 255
255 0 255
255 0 255
255 0 255
255 0 255
255 0 255
255 0 255
255 0 255
255 0 255
255 0 255
255 0 255
255 0 255
255 0 255
255 255 255
